5
5
0.219
5
15
0.234
5
25
0.239
5
35
0.242
5
45
0.244
5
55
0.266
5
65
0.255
5
75
0.274
5
85
0.293
5
95
0.298
5
105
0.299
5
115
0.302
5
125
0.301
5
135
0.294
5
145
0.328
15
5
0.2
15
15
0.249
15
25
0.317
15
35
0.363
15
45
0.426
15
55
0.504
15
65
0.536
15
75
0.603
15
85
0.653
15
95
0.743
15
105
0.775
15
115
0.836
15
125
0.909
15
135
0.964
15
145
1.028
25
5
0.222
25
15
0.31
25
25
0.452
25
35
0.631
25
45
0.786
25
55
0.952
25
65
1.101
25
75
1.239
25
85
1.435
25
95
1.584
25
105
1.703
25
115
1.886
25
125
2.008
25
135
2.183
25
145
2.337
35
5
0.235
35
15
0.379
35
25
0.623
35
35
0.893
35
45
1.226
35
55
1.494
35
65
1.806
35
75
2.151
35
85
2.406
35
95
2.736
35
105
3.044
35
115
3.311
35
125
3.623
35
135
3.967
35
145
4.222
45
5
0.237
45
15
0.434
45
25
0.772
45
35
1.212
45
45
1.708
45
55
2.185
45
65
2.662
45
75
3.197
45
85
3.677
45
95
4.2
45
105
4.689
45
115
5.435
45
125
5.712
45
135
6.197
45
145
6.766
55
5
0.236
55
15
0.5
55
25
0.941
55
35
1.852
55
45
2.212
55
55
2.904
55
65
3.645
55
75
4.386
55
85
5.121
55
95
5.922
55
105
6.678
55
115
7.365
55
125
8.129
55
135
8.918
55
145
9.657
65
5
0.244
65
15
0.571
65
25
1.084
65
35
1.83
65
45
2.712
65
55
3.659
65
65
4.725
65
75
5.675
65
85
6.868
65
95
7.848
65
105
8.787
65
115
10.067
65
125
10.91
65
135
12.02
65
145
12.908
75
5
0.252
75
15
0.61
75
25
1.244
75
35
2.124
75
45
3.164
75
55
4.431
75
65
5.666
75
75
7.082
75
85
8.394
75
95
9.767
75
105
11.121
75
115
12.735
75
125
13.941
75
135
15.261
75
145
16.778
85
5
0.272
85
15
0.658
85
25
1.417
85
35
2.422
85
45
3.937
85
55
5.292
85
65
6.722
85
75
8.551
85
85
10.256
85
95
12.107
85
105
13.753
85
115
15.599
85
125
17.4
85
135
19.035
85
145
21.066
95
5
0.271
95
15
0.72
95
25
1.558
95
35
2.744
95
45
4.229
95
55
5.888
95
65
8.03
95
75
9.751
95
85
11.991
95
95
14.404
95
105
16.267
95
115
18.687
95
125
20.871
95
135
22.978
95
145
25.288
105
5
0.275
105
15
0.783
105
25
1.722
105
35
3.051
105
45
4.772
105
55
6.809
105
65
8.846
105
75
11.702
105
85
13.948
105
95
16.4
105
105
19.127
105
115
21.798
105
125
24.511
105
135
27.161
105
145
29.829
115
5
0.286
115
15
0.832
115
25
1.874
115
35
3.315
115
45
5.202
115
55
7.343
115
65
9.851
115
75
12.548
115
85
15.492
125
45
5.833
125
55
8.161
125
65
11.067
125
75
14.044
125
85
17.283
125
95
20.792
125
105
25.09
125
115
28.64
125
125
32.061
125
135
36.373
125
145
39.644
135
5
0.315
135
15
0.982
135
25
2.2
135
35
3.995
135
45
6.281
135
55
8.868
135
65
12.093
135
75
15.483
135
85
19.293
135
95
23.644
135
105
27.309
135
115
31.436
135
125
35.905
135
135
40.218
135
145
44.999
145
5
0.304
145
15
1.008
145
25
2.364
145
35
4.263
145
45
6.76
145
55
9.665
145
65
13.051
145
75
17.248
145
85
20.968
145
95
25.419
145
105
30.222
145
115
34.963
145
125
39.642
145
135
44.865
145
145
50.515