
============================================
               DNAs analisados              
          Primeiro DNA, tamanho: 8
      DNA a: AGCACACA

--------------------------------------------
           Segundo DNA, tamanho: 19
      DNA b: ACACACTATAGACCTATTT

--------------------------------------------
              Matriz de saida               

           A  C  A  C  A  C  T  A  T  A  G  A  C  C  T  A  T  T  T

        0  0  0  0  0  0  0  0  0  0  0  0  0  0  0  0  0  0  0  0 
    A   0  2  1  2  1  2  1  0  2  1  2  1  2  1  0  0  2  1  0  0 
    G   0  1  1  1  1  1  1  0  1  1  1  4  3  2  1  0  1  1  0  0 
    C   0  0  3  2  3  2  3  2  1  0  0  3  3  5  4  3  2  1  0  0 
    A   0  2  2  5  4  5  4  3  4  3  2  2  5  4  4  3  5  4  3  2 
    C   0  1  4  4  7  6  7  6  5  4  3  2  4  7  6  5  4  4  3  2 
    A   0  2  3  6  6  9  8  7  8  7  6  5  4  6  6  5  7  6  5  4 
    C   0  1  4  5  8  8 11 10  9  8  7  6  5  6  8  7  6  6  5  4 
    A   0  2  3  6  7 10 10 10 12 11 10  9  8  7  7  7  9  8  7  6 

--------------------------------------------
            DNAs reconstruidos:             
      DNA a: AGCACAC_A
      DNA b: A_CACACTA
--------------------------------------------

           Pontuação máxima:12

